3.3674,3.5787,0
2.2642,2.7353,0
3.4454,2.4121,0
2.2207,2.1733,0
2.235,3.5439,0
3.2814,2.4113,0
2.6576,2.7765,0
3.3076,3.1036,0
3.4983,2.4579,0
3.1664,3.2839,0
3.4801,2.969,0
2.4697,2.3037,0
3.4699,3.5639,0
3.9412,2.2012,0
3.7339,2.5881,0
2.1725,2.4747,0
2.7329,3.0617,0
2.7384,2.183,0
3.3701,2.8106,0
3.1959,2.2097,0
3.3674,3.5787,0
2.2642,2.7353,0
3.4454,2.4121,0
2.2207,2.1733,0
2.235,3.5439,0
3.2814,2.4113,0
2.6576,2.7765,0
3.3076,3.1036,0
3.4983,2.4579,0
3.1664,3.2839,0
3.4801,2.969,0
2.4697,2.3037,0
3.4699,3.5639,0
3.9412,2.2012,0
3.7339,2.5881,0
2.1725,2.4747,0
2.7329,3.0617,0
2.7384,2.183,0
3.3701,2.8106,0
3.1959,2.2097,0
3.3674,3.5787,0
2.2642,2.7353,0
3.4454,2.4121,0
2.2207,2.1733,0
2.235,3.5439,0
3.2814,2.4113,0
2.6576,2.7765,0
3.3076,3.1036,0
3.4983,2.4579,0
3.1664,3.2839,0
3.4801,2.969,0
2.4697,2.3037,0
3.4699,3.5639,0
3.9412,2.2012,0
3.7339,2.5881,0
2.1725,2.4747,0
2.7329,3.0617,0
2.7384,2.183,0
3.3701,2.8106,0
3.1959,2.2097,0
3.3674,3.5787,0
2.2642,2.7353,0
3.4454,2.4121,0
2.2207,2.1733,0
2.235,3.5439,0
3.2814,2.4113,0
2.6576,2.7765,0
3.3076,3.1036,0
3.4983,2.4579,0
3.1664,3.2839,0
3.4801,2.969,0
2.4697,2.3037,0
3.4699,3.5639,0
3.9412,2.2012,0
3.7339,2.5881,0
2.1725,2.4747,0
2.7329,3.0617,0
2.7384,2.183,0
3.3701,2.8106,0
3.1959,2.2097,0
3.3674,3.5787,0
2.2642,2.7353,0
3.4454,2.4121,0
2.2207,2.1733,0
2.235,3.5439,0
3.2814,2.4113,0
2.6576,2.7765,0
3.3076,3.1036,0
3.4983,2.4579,0
3.1664,3.2839,0
3.4801,2.969,0
2.4697,2.3037,0
3.4699,3.5639,0
3.9412,2.2012,0
3.7339,2.5881,0
2.1725,2.4747,0
2.7329,3.0617,0
2.7384,2.183,0
3.3701,2.8106,0
3.1959,2.2097,0
3.3674,3.5787,0
2.2642,2.7353,0
3.4454,2.4121,0
2.2207,2.1733,0
2.235,3.5439,0
3.2814,2.4113,0
2.6576,2.7765,0
3.3076,3.1036,0
3.4983,2.4579,0
3.1664,3.2839,0
3.4801,2.969,0
2.4697,2.3037,0
3.4699,3.5639,0
3.9412,2.2012,0
3.7339,2.5881,0
2.1725,2.4747,0
2.7329,3.0617,0
2.7384,2.183,0
3.3701,2.8106,0
3.1959,2.2097,0
3.3674,3.5787,0
2.2642,2.7353,0
3.4454,2.4121,0
2.2207,2.1733,0
2.235,3.5439,0
3.2814,2.4113,0
2.6576,2.7765,0
3.3076,3.1036,0
3.4983,2.4579,0
3.1664,3.2839,0
3.4801,2.969,0
2.4697,2.3037,0
3.4699,3.5639,0
3.9412,2.2012,0
3.7339,2.5881,0
2.1725,2.4747,0
2.7329,3.0617,0
2.7384,2.183,0
3.3701,2.8106,0
3.1959,2.2097,0
3.3674,3.5787,0
2.2642,2.7353,0
3.4454,2.4121,0
2.2207,2.1733,0
2.235,3.5439,0
3.2814,2.4113,0
2.6576,2.7765,0
3.3076,3.1036,0
3.4983,2.4579,0
3.1664,3.2839,0
3.4801,2.969,0
2.4697,2.3037,0
3.4699,3.5639,0
3.9412,2.2012,0
3.7339,2.5881,0
2.1725,2.4747,0
2.7329,3.0617,0
2.7384,2.183,0
3.3701,2.8106,0
3.1959,2.2097,0
3.3674,3.5787,0
2.2642,2.7353,0
3.4454,2.4121,0
2.2207,2.1733,0
2.235,3.5439,0
3.2814,2.4113,0
2.6576,2.7765,0
3.3076,3.1036,0
3.4983,2.4579,0
3.1664,3.2839,0
3.4801,2.969,0
2.4697,2.3037,0
3.4699,3.5639,0
3.9412,2.2012,0
3.7339,2.5881,0
2.1725,2.4747,0
2.7329,3.0617,0
2.7384,2.183,0
3.3701,2.8106,0
3.1959,2.2097,0
3.3674,3.5787,0
2.2642,2.7353,0
3.4454,2.4121,0
2.2207,2.1733,0
2.235,3.5439,0
3.2814,2.4113,0
2.6576,2.7765,0
3.3076,3.1036,0
3.4983,2.4579,0
3.1664,3.2839,0
3.4801,2.969,0
2.4697,2.3037,0
3.4699,3.5639,0
3.9412,2.2012,0
3.7339,2.5881,0
2.1725,2.4747,0
2.7329,3.0617,0
2.7384,2.183,0
3.3701,2.8106,0
3.1959,2.2097,0
3.3674,3.5787,0
2.2642,2.7353,0
3.4454,2.4121,0
2.2207,2.1733,0
2.235,3.5439,0
3.2814,2.4113,0
2.6576,2.7765,0
3.3076,3.1036,0
3.4983,2.4579,0
3.1664,3.2839,0
3.4801,2.969,0
2.4697,2.3037,0
3.4699,3.5639,0
3.9412,2.2012,0
3.7339,2.5881,0
2.1725,2.4747,0
2.7329,3.0617,0
2.7384,2.183,0
3.3701,2.8106,0
3.1959,2.2097,0
3.3674,3.5787,0
2.2642,2.7353,0
3.4454,2.4121,0
2.2207,2.1733,0
2.235,3.5439,0
3.2814,2.4113,0
2.6576,2.7765,0
3.3076,3.1036,0
3.4983,2.4579,0
3.1664,3.2839,0
3.4801,2.969,0
2.4697,2.3037,0
3.4699,3.5639,0
3.9412,2.2012,0
3.7339,2.5881,0
2.1725,2.4747,0
2.7329,3.0617,0
2.7384,2.183,0
3.3701,2.8106,0
3.1959,2.2097,0
3.3674,3.5787,0
2.2642,2.7353,0
3.4454,2.4121,0
2.2207,2.1733,0
2.235,3.5439,0
3.2814,2.4113,0
2.6576,2.7765,0
3.3076,3.1036,0
3.4983,2.4579,0
3.1664,3.2839,0
3.4801,2.969,0
2.4697,2.3037,0
3.4699,3.5639,0
3.9412,2.2012,0
3.7339,2.5881,0
2.1725,2.4747,0
2.7329,3.0617,0
2.7384,2.183,0
3.3701,2.8106,0
3.1959,2.2097,0
3.3674,3.5787,0
2.2642,2.7353,0
3.4454,2.4121,0
2.2207,2.1733,0
2.235,3.5439,0
3.2814,2.4113,0
2.6576,2.7765,0
3.3076,3.1036,0
3.4983,2.4579,0
3.1664,3.2839,0
3.4801,2.969,0
2.4697,2.3037,0
3.4699,3.5639,0
3.9412,2.2012,0
3.7339,2.5881,0
2.1725,2.4747,0
2.7329,3.0617,0
2.7384,2.183,0
3.3701,2.8106,0
3.1959,2.2097,0
3.3674,3.5787,0
2.2642,2.7353,0
3.4454,2.4121,0
2.2207,2.1733,0
2.235,3.5439,0
3.2814,2.4113,0
2.6576,2.7765,0
3.3076,3.1036,0
3.4983,2.4579,0
3.1664,3.2839,0
3.4801,2.969,0
2.4697,2.3037,0
3.4699,3.5639,0
3.9412,2.2012,0
3.7339,2.5881,0
2.1725,2.4747,0
2.7329,3.0617,0
2.7384,2.183,0
3.3701,2.8106,0
3.1959,2.2097,0
3.3674,3.5787,0
2.2642,2.7353,0
3.4454,2.4121,0
2.2207,2.1733,0
2.235,3.5439,0
3.2814,2.4113,0
2.6576,2.7765,0
3.3076,3.1036,0
3.4983,2.4579,0
3.1664,3.2839,0
3.4801,2.969,0
2.4697,2.3037,0
3.4699,3.5639,0
3.9412,2.2012,0
3.7339,2.5881,0
2.1725,2.4747,0
2.7329,3.0617,0
2.7384,2.183,0
3.3701,2.8106,0
3.1959,2.2097,0
3.3674,3.5787,0
2.2642,2.7353,0
3.4454,2.4121,0
2.2207,2.1733,0
2.235,3.5439,0
3.2814,2.4113,0
2.6576,2.7765,0
3.3076,3.1036,0
3.4983,2.4579,0
3.1664,3.2839,0
3.4801,2.969,0
2.4697,2.3037,0
3.4699,3.5639,0
3.9412,2.2012,0
3.7339,2.5881,0
2.1725,2.4747,0
2.7329,3.0617,0
2.7384,2.183,0
3.3701,2.8106,0
3.1959,2.2097,0
3.3674,3.5787,0
2.2642,2.7353,0
3.4454,2.4121,0
2.2207,2.1733,0
2.235,3.5439,0
3.2814,2.4113,0
2.6576,2.7765,0
3.3076,3.1036,0
3.4983,2.4579,0
3.1664,3.2839,0
3.4801,2.969,0
2.4697,2.3037,0
3.4699,3.5639,0
3.9412,2.2012,0
3.7339,2.5881,0
2.1725,2.4747,0
2.7329,3.0617,0
2.7384,2.183,0
3.3701,2.8106,0
3.1959,2.2097,0
3.3674,3.5787,0
2.2642,2.7353,0
3.4454,2.4121,0
2.2207,2.1733,0
2.235,3.5439,0
3.2814,2.4113,0
2.6576,2.7765,0
3.3076,3.1036,0
3.4983,2.4579,0
3.1664,3.2839,0
3.4801,2.969,0
2.4697,2.3037,0
3.4699,3.5639,0
3.9412,2.2012,0
3.7339,2.5881,0
2.1725,2.4747,0
2.7329,3.0617,0
2.7384,2.183,0
3.3701,2.8106,0
3.1959,2.2097,0
3.3674,3.5787,0
2.2642,2.7353,0
3.4454,2.4121,0
2.2207,2.1733,0
2.235,3.5439,0
3.2814,2.4113,0
2.6576,2.7765,0
3.3076,3.1036,0
3.4983,2.4579,0
3.1664,3.2839,0
3.4801,2.969,0
2.4697,2.3037,0
3.4699,3.5639,0
3.9412,2.2012,0
3.7339,2.5881,0
2.1725,2.4747,0
2.7329,3.0617,0
2.7384,2.183,0
3.3701,2.8106,0
3.1959,2.2097,0
3.3674,3.5787,0
2.2642,2.7353,0
3.4454,2.4121,0
2.2207,2.1733,0
2.235,3.5439,0
3.2814,2.4113,0
2.6576,2.7765,0
3.3076,3.1036,0
3.4983,2.4579,0
3.1664,3.2839,0
3.4801,2.969,0
2.4697,2.3037,0
3.4699,3.5639,0
3.9412,2.2012,0
3.7339,2.5881,0
2.1725,2.4747,0
2.7329,3.0617,0
2.7384,2.183,0
3.3701,2.8106,0
3.1959,2.2097,0
3.3674,3.5787,0
2.2642,2.7353,0
3.4454,2.4121,0
2.2207,2.1733,0
2.235,3.5439,0
3.2814,2.4113,0
2.6576,2.7765,0
3.3076,3.1036,0
3.4983,2.4579,0
3.1664,3.2839,0
3.4801,2.969,0
2.4697,2.3037,0
3.4699,3.5639,0
3.9412,2.2012,0
3.7339,2.5881,0
2.1725,2.4747,0
2.7329,3.0617,0
2.7384,2.183,0
3.3701,2.8106,0
3.1959,2.2097,0
3.3674,3.5787,0
2.2642,2.7353,0
3.4454,2.4121,0
2.2207,2.1733,0
2.235,3.5439,0
3.2814,2.4113,0
2.6576,2.7765,0
3.3076,3.1036,0
3.4983,2.4579,0
3.1664,3.2839,0
3.4801,2.969,0
2.4697,2.3037,0
3.4699,3.5639,0
3.9412,2.2012,0
3.7339,2.5881,0
2.1725,2.4747,0
2.7329,3.0617,0
2.7384,2.183,0
3.3701,2.8106,0
3.1959,2.2097,0
3.3674,3.5787,0
2.2642,2.7353,0
3.4454,2.4121,0
2.2207,2.1733,0
2.235,3.5439,0
3.2814,2.4113,0
2.6576,2.7765,0
3.3076,3.1036,0
3.4983,2.4579,0
3.1664,3.2839,0
3.4801,2.969,0
2.4697,2.3037,0
3.4699,3.5639,0
3.9412,2.2012,0
3.7339,2.5881,0
2.1725,2.4747,0
2.7329,3.0617,0
2.7384,2.183,0
3.3701,2.8106,0
3.1959,2.2097,0
3.3674,3.5787,0
2.2642,2.7353,0
3.4454,2.4121,0
2.2207,2.1733,0
2.235,3.5439,0
3.2814,2.4113,0
2.6576,2.7765,0
3.3076,3.1036,0
3.4983,2.4579,0
3.1664,3.2839,0
3.4801,2.969,0
2.4697,2.3037,0
3.4699,3.5639,0
3.9412,2.2012,0
3.7339,2.5881,0
2.1725,2.4747,0
2.7329,3.0617,0
2.7384,2.183,0
3.3701,2.8106,0
3.1959,2.2097,0
